18647  126
4399  29
25335  -8
1204  -44
6767  122
27390  -90
9973  -114
14582  76
334  -40
30281  -73
30938  -122
10730  -2
7904  -126
14862  59
24389  -74
17344  68
19300  -96
13840  85
13180  109
20255  49
22767  23
23651  -71
23208  -69
7652  107
18142  97
28123  -9
30602  15
6632  -67
8330  -3
19528  111
25913  24
4783  -110
14293  -23
21265  -56
11276  -95
31117  106
1293  19
5529  6
6296  -121
19976  98
27556  31
18993  89
22434  -51
12121  77
33256  70
16684  32
25665  101
11137  93
5130  -37
12419  -78
15159  -127
32194  -11
4917  -40
1722  -37
22913  88
906  -100
29841  65
21824  49
21558  -113
10056  -128
33318  -122
8026  -66
10805  91
13521  -114
8697  -29
1955  16
29594  5
33554  -92
29288  79
3725  8
24283  -31
11986  26
15501  -124
9537  -14
3554  126
26270  -30
32710  79
31443  -107
12913  -31
16281  -47
7332  -66
25514  -70
2581  -84
28718  -121
14637  -124
8966  -15
28342  -49
17409  -54
23312  26
31662  109
6118  -4
2515  -28
15650  -44
27886  119
28661  -117
23865  21
21140  -4
32368  83
13737  107
12586  -127
24676  106
16097  -5
8795  44
11542  103
2970  -14
5882  -117
26410  -104
3842  -100
26981  -5
9468  -114
19889  69
29173  86
6923  -50
20685  123
2122  -50
16413  8
618  -39
20974  -24
3214  -76
17919  34
16995  125
127  29
24985  -56
4324  14
18242  17
10465  -126
32871  -11
30173  -9
22048  40
26867  -65
31880  -115
18815  -53
33958  -119
